2914 49024 388 15,52
24101 66404 347 622,55
16480 15708 397 -112,3
46151 117835 506 1665,33
57900 113238 555 1665,33
53624 66710 296 309,99
7918 119282 469 1182,76
40980 21893 769 24,59
13022 37097 255 22,53
54240 25061 357 13,29
24313 37578 321 21,01
44145 17580 144 30,85
48511 121493 345 1371,46
38761 61442 87 -17,81
43962 50125 684 37,84
22911 18243 517 -90,51
43459 16447 603 -92,4
3220 53500 200 217,58
48352 26138 680 23,98
51578 6982 498 -134,69
21140 48375 471 17,59
59830 68184 566 309,99
23678 113137 103 -275,15
17279 39061 557 17,4
22843 94257 221 554,33
59406 120885 324 1219,17
3293 104823 733 1083,33
50231 121647 484 1651,51
51219 124142 537 1665,33
28571 56134 435 519,73
38076 82422 795 1184,21
21669 37243 648 17,51
4074 91240 117 -72,27
34850 73245 462 490
52807 48687 668 23,4
55511 57910 695 280,03
55859 102409 631 1665,33
35069 2102 399 -692,25
15820 48059 651 17,4
13599 4004 419 -716,27
42429 104732 63 -1330,7
14879 39311 440 17,91
46643 12879 259 -188,19
25964 113756 781 1395,7
50860 32906 372 15,08
30156 114006 491 1483,73
17632 15822 497 -120,22
38964 37704 209 3,73
6912 34381 57 63,18
54236 3520 633 -593,29
37831 41304 616 22,97
49842 69366 422 306,85
9757 69090 714 257,06
21310 15232 66 -0,02
45145 68988 716 309,99
20830 84372 316 725,85
58099 107710 176 -249,81
24650 61106 236 625,58
40920 38675 424 18,84
52888 45435 362 13,91
25210 118312 700 1396,94
3516 6181 157 -312,65
39258 97843 435 1504,2
18879 96266 43 -1042,91
3315 50263 564 21,08
42504 38857 554 23,4
17641 10340 518 -148,99
23565 14566 112 72,07
35360 50057 798 30,15
41808 35017 411 18,11
37456 95308 623 1533,9
8984 93147 519 1160,65
54721 41122 795 23,4
46305 78898 465 967,98
1907 14720 456 -151,83
167 47941 290 -24,38
58965 114778 563 1665,33
1249 90650 373 707,47
45104 26111 552 23,98
12283 57444 553 236,12
26833 22536 736 18,43
46310 33434 233 0
8718 10280 587 -169,56
40484 12839 589 -114,58
49022 3694 321 -527,72
11341 10151 253 -124,2
19778 80575 133 -188,19
18784 79124 582 846,67
42134 23799 716 24,33
47745 110050 521 1665,33
77 59079 552 116,94
20068 89560 358 906,42
2754 115791 798 1083,33
59594 114728 142 -309,99
35443 111209 221 -20,86
53542 8226 661 -124,96
2441 63899 64 -69,99
33531 108535 157 -278,14
59641 121167 736 1665,33
52157 36795 393 16,92
59052 54148 414 200,71
6093 93635 748 1068,92
50450 57662 248 289,46
9578 64140 506 255,4
15085 51679 49 -308,58
45045 52808 203 225,49
5929 46691 430 10,88
43004 29775 573 23,43
35363 37963 319 11,81
54094 71682 65 -574,8
11214 92063 637 1245,72
47459 79867 386 1092,5
7728 78472 244 514,45
40233 47334 425 18,91
49788 63740 746 309,44
18632 124418 253 0
18735 65313 107 0
15780 114714 653 1406,29
34583 119088 434 1522,31
57473 32139 569 23,4
17187 38364 288 23,4
1459 40230 202 17,28
40730 78009 505 905,56
12942 72158 389 607,67
44687 102150 36 -1280,31
3673 94556 635 1040,84
51702 102034 242 -23,4
44254 65890 536 309,99
49744 120273 633 1665,33
55956 108408 668 1665,33
39103 61633 781 306,97
31007 53511 425 507,07
26194 21665 217 19,65
11716 40405 63 75,66
30159 70402 453 519,08
54332 73131 410 306,27
9290 111409 451 1228,99
45454 72835 415 306,52
52715 22940 338 11,41
26755 115417 340 1311,06
11142 106509 759 1363,71
25925 105275 338 1308,51
57861 94930 405 1436,29
6215 52871 676 159,49
41917 45406 601 23,4
14257 93648 699 1324,47
46655 31120 83 200
52869 54691 267 258,84
56823 14673 791 -105,49
56824 94717 580 1551,3
57439 79108 98 -180,89
17392 62300 266 656,8
4017 27664 277 17,55
12815 47536 721 17,72
46530 61394 112 -17,77
53020 61641 211 308,36
27814 56993 716 244,32
32022 29629 345 15,92
29495 119333 181 -218,38
24967 783 97 -308,15
37535 33811 211 7,55
1816 98563 534 1032,65
48476 109843 351 1397,59
6975 38680 365 17,97
46831 45925 524 23,4
34859 36150 191 153,41
50975 40261 668 23,4
2491 5287 150 -83,31
20516 58185 543 255,16
16229 16899 487 -107,63
4592 23844 595 0
24796 71204 370 612,29
10039 21773 307 20,39
46626 93811 143 -289,98
53302 99201 318 1092,6
6694 55104 153 350,1
13804 93747 791 1325,95
33969 76031 339 650,66
30461 99216 435 1407,71
39919 34347 384 16,26
22899 48431 746 17,59
59293 47724 691 23,4
51436 109321 108 -309,99
38793 40592 270 4,29
28625 68061 500 283,14
57848 75073 498 336,74
12244 34961 353 20,42
27539 63968 476 468,61
39907 1089 577 -658,02
58799 98565 461 1597,16
36788 66354 635 304,28
41540 90642 621 1458,5
51526 23453 449 20,49
12499 99894 259 92,16
1019 69013 356 227,43
16163 103682 88 -275,02
15064 116801 160 -263,63
22923 56932 303 602,65
2679 103464 586 1083,33
31899 81906 163 364,73
31580 65484 219 569,83
9486 82867 323 708,19
1995 2104 41 -17,58
18805 69576 476 447,71
45810 78208 618 926,2
6520 48201 82 302,11
40338 106729 664 1665,33
55134 124750 787 1665,33
45189 17424 107 25,07
46190 83642 376 1216,35
55155 109019 717 1665,33
9830 69588 57 -410,66
2445 7293 234 -124,96
51958 42139 517 23,4
56914 88981 343 1115,55
58082 116594 181 -232,82
35374 65835 763 301,42
18357 94666 106 -262,69
27699 56282 518 237,13
56360 34055 480 22,33
31329 124210 300 -18,24
19037 82978 372 873,59
4028 57705 734 178,56
33415 107360 560 1565,05
36343 70735 179 480,91
34185 55456 614 231,89
47720 60754 157 164,5
39660 45497 93 203,1
2567 75422 629 385,35
35834 62454 638 302,39
1004 15747 61 171,52
54211 94978 566 1556,97
17548 122938 89 -275,08
39448 22583 400 17,4
10848 117401 171 -201,53
47416 6260 648 -355,49
2500 23178 617 0
10824 5177 473 -788,02
1859 47290 629 -3,54
33838 24082 691 21,88
42473 114073 324 1219,17
56654 29407 586 23,49
1095 52122 359 157,22
21700 105235 90 -275,13
27368 65481 584 278,15
52168 64029 126 -17,48
37446 99441 379 1412,98
1818 84274 636 908,95
16794 26895 773 17,61
7869 87531 358 873,08
22089 30746 726 17,54
50816 80458 515 1100,47
48504 32440 663 23,4
18914 75184 569 319,78
56085 49935 117 200
30166 102504 357 1342,98
55053 124942 93 -309,04
16457 107021 96 -275,41
9315 66875 491 372,03
40059 41504 430 19,27
13356 32347 443 17,87
55759 105587 674 1665,33
13563 103566 186 -179,05
31837 35720 321 16,08
42368 122631 416 1561,14
35332 92975 262 499,34
38766 122233 379 1466,3
9025 54662 773 194,08
37465 111226 571 1634,55
58892 65818 549 309,99
3882 29334 652 -0
16534 179 453 -858,08
31008 94992 323 878,12
14418 124532 151 -272,17
17706 119384 393 1342,82
1716 122980 655 1035,39
16839 84194 111 -221,01
28761 82478 436 1009,8
34768 48067 777 22,18
7580 59246 440 515,08
50294 40476 230 0
21907 107920 240 -6,26
2263 99868 437 1048,42
30338 105155 731 1497
8596 65812 782 246,03
51406 26971 46 -308,94
34124 51435 617 137,73
25758 63860 173 579,01
35128 11570 386 -144,88
42994 113699 318 1136,06
56910 119564 390 1510,21
15960 42189 35 -143,32
46229 91377 142 -280,84
13346 11334 155 37,36
9310 106173 430 1214,95
8579 116969 137 -245,87
17704 99706 759 1402,95
36934 9515 137 -119,92
46758 43301 157 189,2
3920 6693 718 -562,08
32822 73896 730 295,71
8840 66133 83 91,14
48844 121360 639 1665,33
49376 82327 778 1197,68
51603 88463 517 1403,59
21818 45334 176 207,34
49335 109291 49 -1612,15
18839 75874 46 -602,53
54092 43691 768 23,4
16637 30340 227 23,4
44587 9628 559 -124,96
15408 29689 454 17,74
18891 45843 419 19,28
16053 2174 163 -284,36
3329 48932 31 -23,71
7322 83278 765 1058,79
8421 6865 230 -168,41
37940 119774 493 1634,29
10441 79194 794 954,92
24087 102956 198 -94,06
7402 85938 645 1073,28
2382 25968 195 149,68
53006 104047 445 1606,17
50808 74654 414 306,47
29619 102820 81 -286,65
48147 41252 422 18,7
56426 19977 388 13,98
14415 70713 719 275,5
55281 23390 298 0
33041 38632 294 14,81
59429 57649 30 -227,61
16228 98483 788 1388,66
23751 100848 472 1375,87
18979 2819 176 -243,18
19871 113919 796 1406,29
16730 80594 794 946,73
4630 51690 361 168,69
4331 17605 170 143,63
34416 15606 362 -122,16
36661 1011 300 -574,83
7722 15922 343 -111,17
5544 30326 37 -59,57
34361 4266 62 -180,75
7662 1224 56 -169,33
42554 111514 638 1665,33
28477 69669 533 282,6
15700 2744 120 -293,83
50341 31255 247 0
18350 56213 213 626,97
21288 61925 691 275,12
32928 71254 147 -17,47
43949 55507 440 230,66
36654 26020 521 22,74
28056 44064 523 19,25
4131 108202 778 1083,33
39206 7916 161 -134,26
10923 80891 734 1022,57
40413 43302 583 23,4
44430 12662 726 -115,29
12284 38213 280 22,13
56954 37765 452 20,72
25450 96413 442 1206,28
17567 120067 718 1406,29
59183 85525 132 -251,22
24257 4826 315 -460,4
54295 23828 94 200
36074 82728 683 1179,88
30492 68139 246 580,81
44616 70861 476 309,19
1166 54466 653 107,43
30693 112779 739 1505,55
8025 58315 103 170,16
47262 81486 506 1157,45
52054 11404 780 -120
37924 94410 621 1520,42
32699 23960 427 19,06
54048 34917 738 23,4
33798 57059 152 325,53
858 16745 316 -129,19
55129 69264 793 309,99
42083 70965 336 308,72
12626 83215 411 895,03
14191 54329 322 566,89
496 80493 89 70,73
8464 49201 551 10,79
16969 91228 178 455,63
12216 85339 137 -133,41
48796 76187 117 -93,05
44472 60607 637 307,77
27958 60625 609 280,63
8882 88193 762 1121,39
17995 65006 644 275,69
42554 116142 777 1665,33
5255 9239 380 -144,52
18514 28544 487 17,49
4000 77392 307 438,73
5324 85982 745 993,22
29617 9534 268 -148,87
7386 93807 495 1091
46426 49115 467 21,6
28351 15208 444 -115,09
54134 114154 132 -309,99
44623 24049 602 24,3
53865 31631 654 23,4
15175 72766 653 275,69
49204 71617 711 309,99
58839 58469 534 287,56
44799 41989 587 23,4
28568 109464 59 -1189,04
7829 13825 349 -120,47
42079 12858 787 -114,5
5187 31959 686 0,73
55326 98655 732 1636,27
28217 76925 675 853,63
39627 84783 442 1240,26
22343 40886 697 17,55
44891 22754 208 0
1212 14468 577 -235,86
21105 71346 409 589,69
10301 114491 62 -884,1
35946 78128 699 914,46
15821 71989 207 653,69
14724 124650 694 1405,27
16962 28041 701 17,53
48325 26594 426 18,99
27729 96131 755 1344,29
2451 75929 637 526,52
54472 13910 185 -86,84
7037 7328 327 -131,93
49062 6508 401 -325,83
19975 58966 191 633,65
37977 79641 97 -189,6
6608 52944 558 168,75
39869 95691 745 1570,86
9086 87818 793 1125,48
8354 99147 349 1093,38
42615 100184 687 1665,33
5344 40546 549 1,33
9899 57141 548 226,12
30802 43183 356 16,85
28867 24465 666 19,74
29337 123921 559 1471,71
17954 45233 35 -143,32
13817 49865 148 275,24
37698 1177 462 -674,62
26952 74508 136 -10,82
2492 111755 242 23,4
58239 53176 700 196,71
52570 52106 725 163,82
15283 55769 246 621,41
46643 69835 683 309,99
17930 120438 179 -228,65
9310 68949 715 252,87
36442 66394 124 -17,64
21369 112347 497 1401,42
48624 108384 333 1301,27
42816 115466 477 1644,77
43223 25098 183 143,5
4595 25276 621 0
28933 75188 758 382,26
18739 109658 330 1204,86
11279 102584 463 1337,06
14068 91900 419 1088,66
55425 18993 776 -43,37
46279 25043 177 157,09
20601 65681 643 275,61
26852 89347 293 554,46
6542 52347 759 161,91
55652 54963 602 235,06
41081 104245 125 -309,99
36186 32034 95 227,99
12594 95552 291 515,15
24283 40291 778 17,71
38669 49867 32 -175,78
34263 40358 566 22,03
3406 29460 398 14,57
522 26758 208 0,65
11772 40544 632 17,97
29075 74007 408 568,6
1742 115645 496 1030,54
21524 88504 153 87,31
32095 17544 91 108,16
58887 124458 75 -305,76
33963 15184 128 26,97
1495 116639 507 1000,7
51550 5500 448 -440,25
17727 43056 257 23,4
10906 13303 771 -139,52
55342 48955 41 -309,99
59466 53445 98 170,86
314 15260 250 -226,54
50403 70359 537 309,99
20283 5437 598 -658,56
21499 74427 466 486,02
1684 8224 648 -230,31
10019 95422 657 1233,6
14409 106108 206 4,21
831 24176 716 -17,88
17138 118035 333 1221,05
38978 101932 50 -1581,2
16509 90335 278 635,44
3948 62613 304 307,69
49942 39291 148 200
4888 10695 637 -197,25
3476 74089 340 297,27
358 99779 479 820,98
27710 84345 331 820,5
19606 21845 404 20,14
50371 84871 117 -246,81
18209 15128 166 33,08
52293 27669 33 -196,04
32045 17222 404 -103,13
38671 89705 239 365,19
18985 67193 314 648,33
41304 29722 338 10,3
48162 27157 763 23,83
11125 47561 542 16,59
30836 118843 534 1508,95
15028 18997 131 259,27
41403 692 257 -586,11
50915 98535 45 -1549,88
57447 35070 631 23,4
28340 88310 348 921,99
56765 34107 362 13,91
56014 44837 231 0
33329 73413 178 528,84
2181 99941 593 1082,77
496 80688 697 643,23
38625 57580 717 271,94
50194 70532 752 309,99
32092 13193 579 -122,41
34630 23460 757 22,17
10563 49795 508 15,45
41686 59176 530 296,56
29959 112154 391 1397,84
18470 60653 317 649,39
31871 55186 408 524,86
58970 43360 708 23,4
45103 85145 290 257,95
35435 104926 482 1585,56
17803 86923 675 1193
17078 44413 447 17,82
14397 14467 533 -130,84
51520 36757 238 0
58495 77073 283 299,55
29742 106545 358 1347,1
37651 112491 664 1637,17
48668 100526 571 1665,33
13030 40593 97 275,14
57187 120414 119 -309,99
12400 571 474 -862,5
56181 67548 537 309,99
13590 35056 245 22,81
57036 32973 458 21,07
2980 10346 588 -198,62
533 103445 722 884,49
35631 116603 707 1605,92
28227 110182 734 1441,54
48156 120873 731 1665,33
6611 14115 577 -158,7
49700 100975 285 -23,4
9364 15918 267 -93,78
18343 86154 523 1172,25
27001 119203 129 -276,52
28663 114025 610 1453,68
55389 77353 209 298,24
20627 2291 315 -520,4
57902 95912 295 149,07
45238 110480 608 1665,33
1700 34718 534 -6,95
33429 60050 63 -571,14
23888 108994 599 1399,23
49207 96060 634 1580,33
33535 12302 605 -124
19836 91459 391 1022,63
26484 77329 239 604,48
8403 82604 103 -59,75
15276 107118 562 1406,29
9553 62491 141 88,21
27855 83618 669 1237,14
2983 114269 685 1083,33
52555 98766 230 56,98
10404 113190 752 1323,71
55598 61958 529 308,55
616 12826 574 -262,14
26835 43308 199 44,55
22285 14545 470 -126,46
54757 83462 509 1245,37
20821 14651 554 -129,62
22669 59064 652 258,94
32828 113204 157 -276,17
36475 60212 649 301,89
14436 51771 517 118,4
24576 1333 171 -432,46
22316 57564 740 247,7
17044 57163 532 242,51
38233 6917 666 -196,95
39848 39326 274 0,59
26832 86914 181 429,41
31094 78935 392 837,34
40942 117156 185 -215,96
11519 123000 774 1385,66
53575 6456 595 -313,77
38708 23410 767 23,81
29363 77081 707 859,12
32896 60843 356 545,08
29286 19428 35 -212,17
17780 107501 252 0
55522 74428 366 307,42
59119 100627 640 1665,33
10820 78815 421 765,33
51772 82038 134 -222,24
12052 107793 551 1395,81
23577 69485 741 275,16
2560 92230 452 939,49
7880 114394 378 1159,53
48505 45374 673 23,4
46014 3967 230 -540,74
218 2148 307 -1115,83
19203 58162 107 191,98
5295 82300 547 948,9
20062 9825 676 -150
14121 37866 460 17,68
28776 110229 114 -283,68
3774 39205 239 17,4
24432 26307 779 17,73
37068 46288 343 11,22
35934 69720 338 494,84
45899 73470 734 309,99
29136 50424 791 79,16
52945 13033 374 -140,54
54600 122794 171 -263,72
25469 8425 345 -138,27
23808 99971 609 1398,77
31269 93492 692 1393,75
41513 40978 199 23,58
42074 46209 540 23,4
2094 99722 363 981,5
27708 50478 560 88,42
43082 11537 337 -161,06
8351 86311 759 1103,01
24650 35171 780 17,75
51872 91575 223 210,46
46803 1130 119 -308,87
52431 63743 617 309,44
6965 118285 115 -228,68
8917 119434 431 1198,35
35666 71356 703 302,04
55107 98965 767 1642,94
44459 120705 298 -23,4
29682 43669 767 20,19
45473 109326 550 1665,33
50560 72194 437 307,56
31068 26180 668 20,86
24268 75459 735 489,06
115 26117 402 -25,03
32319 94305 726 1430,38
50677 70957 528 309,99
5242 15077 284 -109,47
57442 117516 126 -309,99
36255 95156 550 1516,44
36733 81830 679 1145,94
51460 83175 631 1233,93
56623 46146 591 23,4
37224 14477 134 -11,7
26062 67516 539 274,92
10734 86537 455 1026,77
56028 31909 125 200
35686 85015 295 479,01
29839 20463 429 18,79
47426 68767 458 308,49
27494 39771 475 18,78
4666 89664 222 238,78
51992 98767 161 -242,33
57475 35356 361 13,79
57948 16443 763 -92,44
23265 94718 286 539,42
21307 32027 571 17,48
58190 16137 103 -14,5
45538 46212 86 200
49482 104692 616 1665,33
53957 37512 269 0
31566 85955 266 531,16
18554 5012 360 -638,27
8566 88213 236 525,52
52116 60551 127 -17,9
49944 49348 450 20,6
9149 124199 550 1262,42
6604 58336 716 204,58
5458 96784 291 336,67
2229 66144 387 280,51
56391 26722 497 23,67
1505 42032 385 4,6
11562 18849 348 -67,84
18313 33453 280 23,4
20129 18549 419 -68,75
54005 107281 119 -309,99
41818 41781 723 23,4
19844 91428 643 1288,54
39819 119723 465 1629,44
20207 56118 33 -350,85
7399 7705 63 0,61
53450 74541 167 227,62
29715 105783 313 1048,23
9450 84986 643 1115,61
6949 119066 514 1166,44
13587 116206 77 -274,89
49063 116963 148 -309,99
34338 13305 258 -142,63
26451 39138 433 18,03
5097 15931 501 -167,22
24971 86275 203 587,18
32049 2054 359 -698,58
51126 116321 112 -309,99
4337 18614 315 -85,66
33086 102896 231 -19,33
37030 115121 638 1628,2
24588 119665 133 -275,05
46299 96050 353 1290,01
26401 114353 749 1395
51057 91256 333 1065,87
51308 117013 503 1665,33
10825 18705 508 -81,56
5779 88400 756 1029,33
3281 104748 641 1083,33
29824 13182 693 -125,23
34085 32948 699 21,97
43851 8249 425 -143,29
56832 18763 720 -51,54
45581 35109 492 22,97
48910 98926 55 -1480,31
59638 107530 247 -23,4
40749 110335 231 -23,4
17636 110585 764 1406,29
17805 16098 466 -115,31
10078 60716 604 260,05
7074 94520 448 974,96
32583 28452 683 21,41
58678 4939 88 -200,84
24012 23498 673 17,97
30851 30934 546 20,76
35977 65233 116 -17,68
44256 44518 602 23,4
41461 33611 80 200
53228 9721 179 -154,81
56809 37264 780 23,4
31644 18643 110 161,02
50608 10123 679 -124,55
17045 13984 173 -6,27
13531 19914 461 0,37
53592 90069 83 -275,31
15075 72719 333 640,4
27833 93476 720 1301,31
43394 99396 599 1652,31
47026 88222 781 1397,13
31932 90697 774 1368,03
55256 30754 418 18,46
30350 80273 745 1100,78
23710 106740 681 1399,54
3612 30215 754 0
32915 45097 336 14,95
15879 58585 262 649,55
36279 60126 644 301,5
33705 22293 144 243,15
8208 42303 130 297,53
13154 6195 302 -317,02
2449 23115 644 0
53931 11467 330 -164,69
19546 108494 91 -275,16
56533 104312 416 1561,14
33975 67794 261 539,08
29329 115776 604 1471,5
3417 38799 782 0
18058 86740 683 1188,22
55157 40313 526 23,4
45242 28229 215 -0
26991 23359 750 18,31
26883 92627 624 1257,46
14870 119606 566 1405,81
57601 83336 114 -234,77
22179 83784 77 -215,98
35712 77816 257 492,41
49945 79780 478 1039
45089 82385 739 1200,29
19648 1181 794 -890,19
52229 84451 471 1262,49
22510 30389 737 17,56
36021 96821 504 1544,28
53877 12680 496 -116,08
46955 92249 746 1496,17
35514 122225 773 1603,93
45136 89229 702 1423,51
11019 12753 91 140,71
26857 18244 792 -80,88
20438 90366 673 1269,15
7524 53401 780 181,42
4032 108473 78 -200
57166 29234 503 23,51
44192 18333 270 -130,16
7451 76215 525 676,75
38015 16084 218 -140,08
597 123775 332 512,12
37138 104927 650 1629,8
46481 94367 598 1543,61
29716 47333 109 260,64
34751 22334 284 13,61
11377 118267 96 -272,15
17723 42659 469 17,61
58454 105201 719 1665,33
39314 3510 324 -558,02
42670 5498 124 -183,41
9612 14287 731 -143,74
57868 10972 384 -148,89
16748 3792 391 -736,18
44996 20250 760 25,02
31149 16218 495 -107,6
55213 17182 94 16,6
13265 5742 247 -331,82
31398 123555 281 -18,27
51365 42940 611 23,4
32214 30740 354 15,72
2483 71809 444 256,21
45199 2907 467 -603,49
57173 17728 168 -2,38
9928 115675 107 -258,65
58386 102603 773 1665,33
55063 67558 721 309,99
4617 57048 784 171,79
15780 119161 495 1404,11
57080 57434 342 265,67
32466 113033 527 1545,5
28914 66817 508 284,18
42137 119668 553 1665,33
18776 23152 408 19,93
56161 102917 349 1389,36
25202 110758 718 1396,95
13714 20949 513 18,39
33662 32653 513 21,82
29309 61797 188 575,96
14331 107287 427 1358,51
11291 45798 728 17,02
30850 87229 795 1282,5
43767 6317 631 -344,27
53758 25764 318 6,54
58612 45881 567 23,4
56924 31067 128 200
36217 33117 558 22,57
32737 15972 607 -108,6
11203 29863 495 16,79
11485 43761 210 21,56
57727 66370 41 -607,63
43109 21104 696 24,82
6544 105149 217 21,72
57252 90549 320 898,61
14371 2533 777 -873,35
57719 13749 696 -110,49
23152 97841 361 1115,33
37145 58603 520 281,96
30504 82453 742 1179,82
57347 36136 764 23,4
2562 107233 792 1083,33
28045 122886 111 -280,98
32102 116884 394 1415,3
40740 17721 507 -76,01
54783 88846 651 1413,64
58304 7473 426 -143,05
8530 100276 362 1173,51
6297 81668 60 -641,99
30704 61960 731 290,02
53506 2691 428 -602,79
43353 71586 347 308,26
22162 39016 399 20,4
54965 69705 757 309,99
11795 56033 613 214,82
26840 117641 672 1400,1
7466 48950 130 300,78
18265 41475 578 17,4
25781 62732 517 274,9
57102 107801 799 1665,33
11608 104426 194 -110,8
55158 25605 516 24,06
45387 2250 429 -621,67
52554 8044 675 -124,96
52207 12718 43 -166,9
57612 107359 474 1641,67
52468 118787 193 -159,88
29104 30356 237 17,98
39681 83897 720 1258,8
49961 80254 726 1087,86
21014 6281 233 -210,71
28971 94605 534 1353,28
1245 124512 747 956,16
30705 95455 689 1413,2
45656 13995 469 -115,89
50499 86384 206 250,63
54666 116542 366 1449,52
5922 8285 340 -134,75
15933 49474 567 17,4
57547 116355 322 1195,09
23695 22495 363 21,41
38986 35478 320 6,48
51526 80757 198 244,91
48882 5826 508 -423,93
34419 124301 777 1584,39
41908 41292 82 200
17594 82879 676 1060,31
41969 92250 795 1496,19
35721 2927 126 -255,05
38507 39739 265 5,18
2139 9536 368 -141,51
84 38261 247 -23,9
11678 9894 377 -141,92
47031 94648 515 1549,8
48435 56216 416 238,68
3279 91852 700 1023,01
50814 61058 197 302,59
47442 41498 621 23,4
5843 46833 496 3,19
4158 49456 321 17,54
28121 511 581 -863,25
49851 67926 395 306
21829 89147 264 611,44
47129 35982 739 23,4
55554 93332 499 1520,05
8632 95289 750 1171,53
12346 10312 175 -75,56
58105 8905 452 -136,57
13210 8835 580 -150
49028 91029 690 1467,73
22235 35970 77 274,89
39743 11848 371 -147,51
23012 40334 715 17,6
57458 109155 321 1181,84
56844 69174 605 309,99
42228 17140 795 -84,62
37618 86303 372 1141,28
25173 11311 425 -137,62
2721 106442 271 23,4
19862 101779 608 1406,29
12233 63043 38 -467,91
10559 124210 293 16,62
7144 6709 523 -509,11
53443 16465 571 -92,23
35378 774 240 -569,52
45131 24081 161 182,41
30946 37893 272 16,74
34578 96722 95 -287,14
37661 106888 527 1637,31
55963 106319 50 -1612,15
23859 92446 110 -246,43
20336 30956 644 17,42
1803 79497 399 657,2
31766 48397 591 21,1
23913 61111 792 274,96
36999 54253 560 215,41
52516 50905 759 104,56
14956 100952 183 -215,49
44569 16522 543 -91,67
56120 21994 497 24,27
44857 58768 787 291,42
29046 76356 440 697,53
3525 50040 596 3,46
1779 45038 704 -5,4
23468 120596 237 -9,66
33073 107352 273 -19,32
53143 6608 550 -274,27
20177 59329 45 -516,98
18316 72254 310 649,9
23572 109627 328 1279,64
37263 81068 141 -209,33
4336 110982 106 -200
15437 107203 61 -1027,61
47779 28088 360 13,67
6532 45247 271 17,61
48795 45484 53 -285,17
51646 58080 378 273,36
43116 14900 381 -127,56
26857 17230 752 -96,48
31940 60165 659 293,41
41132 68487 706 309,99
30990 63493 116 -15,32
50827 40959 404 17,67
38242 104681 71 -929,33
51337 55676 128 146,74
36372 35966 479 22,41
35598 82125 123 -219,81
37730 100658 247 -22,19
34703 2865 311 -568,74
57289 56468 481 255,19
37804 42836 218 6,94
35074 10725 298 -162,21
37073 124691 314 1030,9
7348 67225 511 233,01
22657 69555 420 577,39
28495 98281 661 1410,06
36285 26452 301 10,14
38234 105629 206 -22,46
17002 28503 628 17,49
56203 10772 449 -133,65
10402 56369 772 214,84